0000000000000000000000000
0000000000000000000000000
0000000000000000000000000
0000000000000000000000000
0000000000000000000000000
0000000000000000000000000
0000000000010000000000000
0000000000111000000000000
0000000011101110000000000
0000000010000010000000000
0000000110000011000000000
0000001100000001100000000
0000000110000011000000000
0000000010000010000000000
0000000011101110000000000
0000000000111000000000000
0000000000010000000000000
0000000000000000000000000
0000000000000000000000000
0000000000000000000000000
0000000000000000000000000
0000000000000000000000000
0000000000000000000000000
0000000000000000000000000
0000000000000000000000000
