0000000000000000000000000
0000000000000000000000000
0000000000000000000000000
0000000000000000000000000
0000000000000000000000000
0000000000000011000000000
0000000000000001000000000
0000000000000001010000000
0000000000000110110000000
0000000000001010000000000
0000000000001010000000000
0000000000111011000000000
0000000001000000000000000
0000000001011011000000000
0000010110101011000000000
0000011010100000000000000
0000000000100000000000000
0000000000101000000000000
0000000000011000000000000
0000000000000000000000000
0000000000000000000000000
0000000000000000000000000
0000000000000000000000000
0000000000000000000000000
0000000000000000000000000
