0000000000000000000000000
0000000100000000000000000
0000001110000000000000000
0000111011100000000000000
0000100000100000000000000
0001100000110000000000000
0011000000011000000000000
0001100000110000000000000
0000100000100000000000000
0000111011100000000000000
0000001110000000000000000
0000000100000000000000000
0000000000000000000000000
0000000000000000100000000
0000000000000001110000000
0000000000000111011100000
0000000000000100000100000
0000000000001100000110000
0000000000011000000011000
0000000000001100000110000
0000000000000100000100000
0000000000000111011100000
0000000000000001110000000
0000000000000000100000000
0000000000000000000000000
