0000000000000000000000000
0000000000000000000000000
0001100000000000000000000
0100001000000000000000000
0000000100000000000000000
0100000100000000000000000
0011111100000000000000000
0000000000000000000000000
0000000000000000000000000
0000000000000000000000000
0001100000000000000000000
0100001000000000000000000
0000000100000000000000000
0100000100000000000000000
0011111100000000000000000
0000000000000000000000000
0000000000000000000000000
0000000000000000000000000
0001100000000000000000000
0100001000000000000000000
0000000100000000000000000
0100000100000000000000000
0011111100000000000000000
0000000000000000000000000
0000000000000000000000000
